

-

-balloon 123.000000 300.000000 -1 -1 -1
brickWall 558.000000 80.000000 5 2 -1
brickWall 16.000000 81.000000 5 2 -1
brickWall 16.000000 196.000000 5 2 -1
brickWall 17.000000 303.000000 4 2 -1
brickWall 82.000000 353.000000 5 0 -1
brickWall 199.000000 353.000000 5 0 -1
brickWall 314.000000 351.000000 5 0 -1
brickWall 428.000000 350.000000 5 0 -1
brickWall 559.000000 186.000000 4 2 -1
brickWall 468.000000 15.000000 1 0 -1
brickWall 330.000000 14.000000 2 0 -1
brickWall 55.000000 15.000000 4 0 -1
brickWall 203.000000 17.000000 5 0 -1
brickWall 558.000000 289.000000 4 2 -1
brickWall 528.000000 350.000000 3 0 -1
baseBall 285.000000 73.000000 -1 -1 -1
baseBall 116.000000 136.000000 -1 -1 -1
basketBall 216.000000 107.000000 -1 -1 -1
basketBall 375.000000 45.999985 -1 -1 -1
brickWall 65.000000 65.000015 3 3 -1
brickWall 62.000000 308.000000 3 1 -1
brickWall 515.000000 302.000000 3 3 -1
brickWall 525.000000 99.999992 1 0 -1
brickWall 518.000000 138.000000 1 1 -1
brickWall 523.000000 187.000000 1 3 -1
brickWall 522.000000 239.000000 1 1 -1
brickWall 457.000000 315.000000 1 1 -1
brickWall 411.000000 313.000000 1 3 -1
brickWall 364.000000 316.000000 1 1 -1
brickWall 267.000000 316.000000 1 1 -1
brickWall 221.000000 315.000000 1 3 -1
brickWall 173.000000 317.000000 1 1 -1
brickWall 318.000000 314.000000 1 3 -1
brickWall 125.000000 39.000000 1 0 -1
brickWall 125.000000 198.000000 5 3 -1
brickWall 229.000000 135.000000 1 0 -1
brickWall 403.000000 14.000000 3 0 -1
-
-
-
-


trampoline tutorial
-

-
baseBall 89.000000 250.000015 -1 -1 -1
brickWall 64.000000 269.000000 1 0 -1
trampoline 108.000000 320.000000 -1 -1 -1
trampoline 212.000000 283.000000 -1 -1 -1
trampoline 334.000000 242.000000 -1 -1 -1
trampoline 458.000000 196.000000 -1 -1 -1
brickWall 515.000000 251.000000 3 2 -1
brickWall 552.000000 248.000000 3 2 -1
brickWall 535.000000 299.000000 1 0 -1
-
-
-
-



-

--
-
-
-



-

--
-
-
-

